2901
2686
4121
4300
6636
6642
3782
1372
1260
1369
2716
2681
2262
3799
1980
1734
2041
2018
2114
1858
1936
2148
5600
4279
7661
3869
4138
3326
6131
3771
3557
3030
3127
3529
2559
3187
2830
3439
2773
2547
2986
2510
2606
2280
2853
3282
2487
1810
2245
2021
1654
2668
2481
4291
2901
2221
2363
2497
2401
3400
2725
3002
2334
2437
2163
2218
3788
2693
2150
2330
2111
2184
2020
2812
2395
2771
1960
1725
2231
2009
2117
2102
2253
2648
2490
1987
1871
2027
2137
2996
1988
1695
2211
2125
2242
2038
5051
2864
2198
1963
